A = [-20, -100, 1, 0, 0;
-10, -200, 0, 1, 0;
1, 4, 0, 0, 1]

b = [-2400;
-4000;
100]

c = [-16, -90, 0, 0, 0]

x = [x1, x2, s1, s2, s3]

xB = [s1;
s2;
s3]

Adj rows:

A = [-1 1 0 0 0 1]

b = [-25]

c = [0]

x = [s4]

xB = [s4]