A = [-20, -100, 1, 0, 0;
]